0 1 -65.0
0 5 -68.0
0 4 -69.0
1 0 -65.0
1 4 -65.0
1 2 -60.0
1 5 -69.0
1 6 -67.0
2 1 -61.0
2 5 -64.0
2 3 -66.0
2 6 -68.0
2 7 -68.0
3 2 -66.0
3 6 -63.0
3 7 -67.0
4 5 -67.0
4 0 -64.0
4 1 -60.0
4 8 -62.0
4 9 -61.0
5 6 -68.0
5 2 -65.0
5 1 -61.0
5 0 -65.0
5 4 -63.0
5 8 -66.0
5 9 -67.0
5 10 -61.0
6 7 -63.0
6 3 -61.0
6 2 -66.0
6 1 -63.0
6 5 -62.0
6 9 -63.0
6 10 -60.0
6 11 -64.0
7 3 -62.0
7 2 -67.0
7 6 -67.0
7 10 -67.0
7 11 -65.0
8 9 -66.0
8 4 -67.0
8 5 -64.0
8 12 -61.0
8 13 -67.0
9 10 -61.0
9 6 -65.0
9 5 -67.0
9 4 -63.0
9 8 -66.0
9 12 -67.0
9 13 -69.0
9 14 -69.0
10 11 -62.0
10 7 -64.0
10 6 -68.0
10 5 -60.0
10 9 -66.0
10 13 -61.0
10 14 -63.0
10 15 -64.0
11 7 -66.0
11 6 -67.0
11 10 -68.0
11 14 -67.0
11 15 -61.0
12 8 -60.0
12 9 -64.0
12 13 -68.0
13 12 -69.0
13 8 -60.0
13 9 -66.0
13 10 -67.0
13 14 -64.0
14 13 -67.0
14 9 -64.0
14 10 -67.0
14 11 -64.0
14 15 -63.0
15 14 -62.0
15 11 -62.0
15 10 -60.0
