0 1 -66.0
0 7 -60.0
0 6 -63.0
1 0 -69.0
1 6 -63.0
1 2 -65.0
1 7 -69.0
1 8 -69.0
2 1 -65.0
2 7 -69.0
2 3 -65.0
2 8 -65.0
2 9 -61.0
3 2 -64.0
3 8 -63.0
3 4 -63.0
3 9 -63.0
3 10 -63.0
4 3 -66.0
4 9 -60.0
4 5 -68.0
4 10 -66.0
4 11 -61.0
5 4 -63.0
5 10 -60.0
5 11 -62.0
6 7 -63.0
6 0 -62.0
6 1 -66.0
6 12 -67.0
6 13 -68.0
7 8 -62.0
7 2 -67.0
7 1 -63.0
7 0 -64.0
7 6 -62.0
7 12 -69.0
7 13 -65.0
7 14 -64.0
8 9 -64.0
8 3 -65.0
8 2 -69.0
8 1 -61.0
8 7 -68.0
8 13 -65.0
8 14 -66.0
8 15 -63.0
9 10 -68.0
9 4 -60.0
9 3 -69.0
9 2 -69.0
9 8 -68.0
9 14 -65.0
9 15 -60.0
9 16 -63.0
10 11 -68.0
10 5 -65.0
10 4 -66.0
10 3 -62.0
10 9 -61.0
10 15 -63.0
10 16 -63.0
10 17 -66.0
11 5 -62.0
11 4 -66.0
11 10 -62.0
11 16 -65.0
11 17 -67.0
12 13 -69.0
12 6 -69.0
12 7 -63.0
12 18 -66.0
12 19 -60.0
13 14 -65.0
13 8 -66.0
13 7 -66.0
13 6 -63.0
13 12 -69.0
13 18 -66.0
13 19 -63.0
13 20 -60.0
14 15 -65.0
14 9 -63.0
14 8 -68.0
14 7 -68.0
14 13 -67.0
14 19 -68.0
14 20 -63.0
14 21 -65.0
15 16 -60.0
15 10 -66.0
15 9 -61.0
15 8 -63.0
15 14 -64.0
15 20 -63.0
15 21 -62.0
15 22 -68.0
16 17 -60.0
16 11 -69.0
16 10 -68.0
16 9 -61.0
16 15 -63.0
16 21 -64.0
16 22 -62.0
16 23 -60.0
17 11 -63.0
17 10 -60.0
17 16 -63.0
17 22 -62.0
17 23 -66.0
18 19 -69.0
18 12 -65.0
18 13 -64.0
18 24 -64.0
18 25 -63.0
19 20 -62.0
19 14 -61.0
19 13 -61.0
19 12 -67.0
19 18 -69.0
19 24 -63.0
19 25 -63.0
19 26 -60.0
20 21 -69.0
20 15 -60.0
20 14 -65.0
20 13 -61.0
20 19 -68.0
20 25 -66.0
20 26 -62.0
20 27 -68.0
21 22 -67.0
21 16 -67.0
21 15 -65.0
21 14 -61.0
21 20 -69.0
21 26 -68.0
21 27 -63.0
21 28 -65.0
22 23 -62.0
22 17 -60.0
22 16 -64.0
22 15 -67.0
22 21 -64.0
22 27 -68.0
22 28 -60.0
22 29 -68.0
23 17 -62.0
23 16 -61.0
23 22 -65.0
23 28 -61.0
23 29 -67.0
24 25 -68.0
24 18 -63.0
24 19 -66.0
24 30 -60.0
24 31 -68.0
25 26 -69.0
25 20 -69.0
25 19 -66.0
25 18 -61.0
25 24 -69.0
25 30 -66.0
25 31 -69.0
25 32 -64.0
26 27 -67.0
26 21 -68.0
26 20 -62.0
26 19 -63.0
26 25 -63.0
26 31 -65.0
26 32 -63.0
26 33 -69.0
27 28 -62.0
27 22 -69.0
27 21 -68.0
27 20 -65.0
27 26 -67.0
27 32 -62.0
27 33 -68.0
27 34 -64.0
28 29 -65.0
28 23 -65.0
28 22 -62.0
28 21 -60.0
28 27 -63.0
28 33 -63.0
28 34 -68.0
28 35 -62.0
29 23 -64.0
29 22 -67.0
29 28 -64.0
29 34 -63.0
29 35 -63.0
30 24 -63.0
30 25 -60.0
30 31 -62.0
31 30 -63.0
31 24 -62.0
31 25 -65.0
31 26 -69.0
31 32 -69.0
32 31 -60.0
32 25 -68.0
32 26 -64.0
32 27 -61.0
32 33 -68.0
33 32 -69.0
33 26 -68.0
33 27 -60.0
33 28 -67.0
33 34 -64.0
34 33 -65.0
34 27 -65.0
34 28 -67.0
34 29 -67.0
34 35 -68.0
35 34 -62.0
35 29 -66.0
35 28 -61.0
