0 1 -63.0
0 6 -68.0
0 5 -63.0
1 0 -67.0
1 5 -68.0
1 2 -69.0
1 6 -63.0
1 7 -69.0
2 1 -68.0
2 6 -69.0
2 3 -61.0
2 7 -67.0
2 8 -64.0
3 2 -68.0
3 7 -61.0
3 4 -66.0
3 8 -69.0
3 9 -61.0
4 3 -69.0
4 8 -66.0
4 9 -61.0
5 6 -65.0
5 0 -66.0
5 1 -64.0
5 10 -60.0
5 11 -67.0
6 7 -64.0
6 2 -65.0
6 1 -65.0
6 0 -66.0
6 5 -61.0
6 10 -69.0
6 11 -66.0
6 12 -64.0
7 8 -66.0
7 3 -65.0
7 2 -65.0
7 1 -69.0
7 6 -64.0
7 11 -65.0
7 12 -61.0
7 13 -67.0
8 9 -62.0
8 4 -65.0
8 3 -67.0
8 2 -65.0
8 7 -63.0
8 12 -66.0
8 13 -66.0
8 14 -65.0
9 4 -64.0
9 3 -69.0
9 8 -60.0
9 13 -62.0
9 14 -65.0
10 11 -61.0
10 5 -69.0
10 6 -62.0
10 15 -68.0
10 16 -67.0
11 12 -68.0
11 7 -61.0
11 6 -66.0
11 5 -67.0
11 10 -65.0
11 15 -64.0
11 16 -62.0
11 17 -63.0
12 13 -66.0
12 8 -68.0
12 7 -68.0
12 6 -67.0
12 11 -67.0
12 16 -63.0
12 17 -64.0
12 18 -64.0
13 14 -60.0
13 9 -68.0
13 8 -62.0
13 7 -67.0
13 12 -63.0
13 17 -66.0
13 18 -68.0
13 19 -65.0
14 9 -68.0
14 8 -66.0
14 13 -68.0
14 18 -60.0
14 19 -68.0
15 16 -66.0
15 10 -67.0
15 11 -68.0
15 20 -67.0
15 21 -65.0
16 17 -65.0
16 12 -65.0
16 11 -61.0
16 10 -69.0
16 15 -68.0
16 20 -67.0
16 21 -69.0
16 22 -68.0
17 18 -66.0
17 13 -66.0
17 12 -63.0
17 11 -61.0
17 16 -62.0
17 21 -64.0
17 22 -61.0
17 23 -64.0
18 19 -63.0
18 14 -64.0
18 13 -62.0
18 12 -63.0
18 17 -61.0
18 22 -63.0
18 23 -69.0
18 24 -60.0
19 14 -63.0
19 13 -69.0
19 18 -66.0
19 23 -62.0
19 24 -60.0
20 15 -66.0
20 16 -69.0
20 21 -65.0
21 20 -63.0
21 15 -60.0
21 16 -67.0
21 17 -61.0
21 22 -68.0
22 21 -66.0
22 16 -61.0
22 17 -64.0
22 18 -65.0
22 23 -65.0
23 22 -67.0
23 17 -67.0
23 18 -61.0
23 19 -68.0
23 24 -64.0
24 23 -64.0
24 19 -64.0
24 18 -66.0
